# generated by PrusaSlicer 2.2.0+win64 on 2020-12-21 at 05:44:22 UTC

[snapshot]
id = 20201221T054422Z
time_captured = 20201221T054422Z
slic3r_version_captured = 2.2.0+win64
comment = 
reason = upgrade

[presets]
print = 0.6mm (0.4LH)
filament = PLA(195NZ,55HB)
printer = FLSUN Kossel 0.6mm

[Vendor:BIBO]
version = 0.0.1
min_slic3r_version = 2.2.0-alpha3
max_slic3r_version = 2147483647.2147483647.2147483647
model_BIBO2 = 0.4

[Vendor:Creality]
version = 0.0.2
min_slic3r_version = 0.0.0
max_slic3r_version = 2147483647.2147483647.2147483647
model_ENDER3 = 0.4

[Vendor:LulzBot]
version = 0.0.1
min_slic3r_version = 0.0.0
max_slic3r_version = 2147483647.2147483647.2147483647
model_MINI_AERO = 0.5
