# generated by PrusaSlicer 2.2.0+win64 on 2020-07-21 at 21:39:34 UTC

[snapshot]
id = 20200721T213934Z
time_captured = 20200721T213934Z
slic3r_version_captured = 2.2.0+win64
comment = 
reason = upgrade

[presets]
print = 1.0mm (0.5LH) BigPrint
filament = PLA(195NZ,30HB)
printer = FLSUN Kossel 1.0mm

[Vendor:BIBO]
version = 0.0.1
min_slic3r_version = 0.0.0
max_slic3r_version = 2147483647.2147483647.2147483647
model_BIBO2 = 0.4

[Vendor:Creality]
version = 0.0.2
min_slic3r_version = 0.0.0
max_slic3r_version = 2147483647.2147483647.2147483647
model_ENDER3 = 0.4

[Vendor:LulzBot]
version = 0.0.1
min_slic3r_version = 0.0.0
max_slic3r_version = 2147483647.2147483647.2147483647
model_MINI_AERO = 0.5
