# generated by PrusaSlicer 2.2.0+win64 on 2020-09-27 at 19:00:18 UTC

[snapshot]
id = 20200927T190018Z
time_captured = 20200927T190018Z
slic3r_version_captured = 2.2.0+win64
comment = 
reason = upgrade

[presets]
print = 0.8mm (0.6LH)
filament = PLA(195NZ,55HB)
printer = FLSUN Kossel 0.8mm

[Vendor:BIBO]
version = 0.0.1
min_slic3r_version = 0.0.0
max_slic3r_version = 2147483647.2147483647.2147483647
model_BIBO2 = 0.4

[Vendor:Creality]
version = 0.0.2
min_slic3r_version = 0.0.0
max_slic3r_version = 2147483647.2147483647.2147483647
model_ENDER3 = 0.4

[Vendor:LulzBot]
version = 0.0.1
min_slic3r_version = 0.0.0
max_slic3r_version = 2147483647.2147483647.2147483647
model_MINI_AERO = 0.5
