# generated by PrusaSlicer 2.2.0+win64 on 2021-01-07 at 18:52:48 UTC

[snapshot]
id = 20210107T185248Z
time_captured = 20210107T185248Z
slic3r_version_captured = 2.2.0+win64
comment = 
reason = upgrade

[presets]
print = 0.6mm (0.45LH) Max
filament = PLA(200, 60)
printer = FLSUN Kossel 0.6mm

[Vendor:BIBO]
version = 0.0.2
min_slic3r_version = 2.2.0-alpha3
max_slic3r_version = 2147483647.2147483647.2147483647
model_BIBO2 = 0.4

[Vendor:Creality]
version = 0.0.2
min_slic3r_version = 0.0.0
max_slic3r_version = 2147483647.2147483647.2147483647
model_ENDER3 = 0.4

[Vendor:LulzBot]
version = 0.0.1
min_slic3r_version = 0.0.0
max_slic3r_version = 2147483647.2147483647.2147483647
model_MINI_AERO = 0.5
