# generated by PrusaSlicer 2.2.0+win64 on 2020-05-29 at 22:23:17 UTC

[snapshot]
id = 20200529T222317Z
time_captured = 20200529T222317Z
slic3r_version_captured = 2.2.0+win64
comment = 
reason = upgrade

[presets]
print = 0.3 Fast Print
filament = PLA(200,50)
printer = FLSUN Kossel

[Vendor:BIBO]
version = 0.0.1
min_slic3r_version = 0.0.0
max_slic3r_version = 2147483647.2147483647.2147483647
model_BIBO2 = 0.4

[Vendor:Creality]
version = 0.0.2
min_slic3r_version = 0.0.0
max_slic3r_version = 2147483647.2147483647.2147483647
model_ENDER3 = 0.4

[Vendor:LulzBot]
version = 0.0.1
min_slic3r_version = 0.0.0
max_slic3r_version = 2147483647.2147483647.2147483647
model_MINI_AERO = 0.5
